,match_id,total_peroid,distance_to_Q3,home_player_rank,away_player_rank,rank_distance
0,12260077,10346.0,2488.0,39.0,3.0,36.0
1,12261532,10098.0,2240.0,20.0,6.0,14.0
2,12261565,11517.0,3659.0,1.0,2.0,1.0
3,12261593,8226.0,368.0,4.0,2.0,2.0
4,12261595,10105.0,2247.0,37.0,4.0,33.0
5,12276771,7923.0,65.0,187.0,111.0,76.0
6,12276777,9613.0,1755.0,235.0,187.0,48.0
7,12276778,117805.0,109947.0,264.0,169.0,95.0
8,12276779,119689.0,111831.0,174.0,111.0,63.0
9,12276780,8785.0,927.0,111.0,239.0,128.0
10,12276805,8273.0,415.0,400.0,529.0,129.0
12,12276809,10006.0,2148.0,277.0,251.0,26.0
13,12276812,10119.0,2261.0,504.0,340.0,164.0
15,12276834,16736.0,8878.0,68.0,109.0,41.0
16,12276841,13954.0,6096.0,73.0,28.0,45.0
17,12276844,8538.0,680.0,72.0,91.0,19.0
18,12276860,9877.0,2019.0,31.0,124.0,93.0
19,12276861,8888.0,1030.0,90.0,43.0,47.0
20,12276862,10953.0,3095.0,53.0,80.0,27.0
21,12276864,9748.0,1890.0,167.0,29.0,138.0
22,12276866,9289.0,1431.0,31.0,157.0,126.0
23,12276923,8161.0,303.0,152.0,99.0,53.0
24,12276926,21127.0,13269.0,82.0,133.0,51.0
25,12276928,8406.0,548.0,99.0,149.0,50.0
26,12276929,9043.0,1185.0,45.0,163.0,118.0
27,12276931,8530.0,672.0,109.0,152.0,43.0
28,12276932,10349.0,2491.0,133.0,152.0,19.0
29,12276978,8704.0,846.0,58.0,66.0,8.0
30,12276980,10301.0,2443.0,80.0,36.0,44.0
31,12276984,9902.0,2044.0,49.0,245.0,196.0
32,12276986,7957.0,99.0,80.0,63.0,17.0
33,12276988,11462.0,3604.0,64.0,55.0,9.0
34,12287006,10987.0,3129.0,279.0,273.0,6.0
35,12287008,10501.0,2643.0,469.0,392.0,77.0
37,12287013,10121.0,2263.0,481.0,411.0,70.0
38,12288919,10011.0,2153.0,90.0,135.0,45.0
39,12288922,8426.0,568.0,69.0,47.0,22.0
40,12288923,8133.0,275.0,109.0,47.0,62.0
41,12288926,9433.0,1575.0,112.0,73.0,39.0
42,12288929,10048.0,2190.0,97.0,111.0,14.0
43,12288930,9643.0,1785.0,49.0,68.0,19.0
44,12288933,8033.0,175.0,121.0,124.0,3.0
46,12289664,9061.0,1203.0,821.0,728.0,93.0
51,12291698,7977.0,119.0,22.0,77.0,55.0
52,12291709,8319.0,461.0,236.0,62.0,174.0
56,12292279,8110.0,252.0,203.0,176.0,27.0
58,12292824,9848.0,1990.0,558.0,725.0,167.0
61,12292938,9031.0,1173.0,350.0,492.0,142.0
63,12293427,8180.0,322.0,114.0,154.0,40.0
64,12293469,8876.0,1018.0,380.0,226.0,154.0
66,12293483,64351.0,56493.0,402.0,443.0,41.0
69,12293498,8754.0,896.0,770.0,970.0,200.0
74,12293529,8277.0,419.0,1162.0,1165.0,3.0
77,12293561,11731.0,3873.0,248.0,393.0,145.0
80,12293564,8963.0,1105.0,654.0,469.0,185.0
89,12294068,72945.0,65087.0,263.0,181.0,82.0
90,12295121,102478.0,94620.0,681.0,651.0,30.0
95,12295353,8450.0,592.0,564.0,537.0,27.0
96,12295369,8230.0,372.0,781.0,698.0,83.0
106,12295525,8479.0,621.0,872.0,689.0,183.0
108,12295551,9447.0,1589.0,1196.0,1367.0,171.0
112,12295592,10221.0,2363.0,119.0,66.0,53.0
113,12295593,11048.0,3190.0,87.0,135.0,48.0
114,12295614,10079.0,2221.0,161.0,166.0,5.0
124,12296880,8861.0,1003.0,239.0,257.0,18.0
125,12296882,10003.0,2145.0,321.0,431.0,110.0
126,12296884,8436.0,578.0,111.0,269.0,158.0
127,12296886,9593.0,1735.0,269.0,198.0,71.0
128,12296888,9702.0,1844.0,262.0,257.0,5.0
129,12296890,11047.0,3189.0,343.0,257.0,86.0
131,12296905,10726.0,2868.0,237.0,164.0,73.0
133,12296909,10487.0,2629.0,268.0,214.0,54.0
134,12296910,8576.0,718.0,379.0,310.0,69.0
135,12296911,11341.0,3483.0,328.0,234.0,94.0
138,12296926,9687.0,1829.0,304.0,175.0,129.0
139,12296927,9068.0,1210.0,320.0,259.0,61.0
140,12296933,9570.0,1712.0,282.0,259.0,23.0
141,12296936,12395.0,4537.0,212.0,282.0,70.0
142,12296937,10030.0,2172.0,295.0,282.0,13.0
143,12296954,8041.0,183.0,201.0,159.0,42.0
144,12296959,8572.0,714.0,260.0,160.0,100.0
148,12296978,8520.0,662.0,300.0,427.0,127.0
150,12296980,10015.0,2157.0,457.0,281.0,176.0
151,12296984,8996.0,1138.0,286.0,469.0,183.0
155,12297034,9681.0,1823.0,115.0,274.0,159.0
156,12297572,9058.0,1200.0,349.0,430.0,81.0
158,12297674,9568.0,1710.0,350.0,347.0,3.0
159,12297681,10192.0,2334.0,315.0,416.0,101.0
160,12297748,8795.0,937.0,568.0,438.0,130.0
164,12297842,9473.0,1615.0,394.0,570.0,176.0
170,12298084,9623.0,1765.0,770.0,851.0,81.0
171,12298085,67698.0,59840.0,262.0,391.0,129.0
172,12298088,10261.0,2403.0,180.0,95.0,85.0
173,12298097,10914.0,3056.0,779.0,644.0,135.0
180,12298279,8783.0,925.0,371.0,499.0,128.0
184,12298436,8778.0,920.0,720.0,784.0,64.0
189,12299034,7895.0,37.0,268.0,132.0,136.0
190,12299478,8168.0,310.0,506.0,421.0,85.0
191,12299515,9429.0,1571.0,106.0,58.0,48.0
192,12299516,10231.0,2373.0,121.0,4.0,117.0
193,12299519,9671.0,1813.0,13.0,10.0,3.0
194,12299521,7870.0,12.0,19.0,64.0,45.0
195,12299525,9167.0,1309.0,32.0,18.0,14.0
196,12299530,8638.0,780.0,49.0,6.0,43.0
197,12299540,9896.0,2038.0,16.0,14.0,2.0
198,12299542,9537.0,1679.0,14.0,63.0,49.0
200,12299549,9815.0,1957.0,57.0,27.0,30.0
201,12299552,9146.0,1288.0,8.0,41.0,33.0
202,12299553,9558.0,1700.0,8.0,20.0,12.0
203,12299554,8608.0,750.0,68.0,30.0,38.0
204,12299560,8483.0,625.0,125.0,16.0,109.0
205,12299561,11257.0,3399.0,240.0,53.0,187.0
206,12299562,8243.0,385.0,25.0,4.0,21.0
207,12299565,10812.0,2954.0,20.0,11.0,9.0
208,12299569,9525.0,1667.0,9.0,16.0,7.0
209,12299570,9827.0,1969.0,8.0,14.0,6.0
211,12299649,9397.0,1539.0,108.0,286.0,178.0
213,12299933,8339.0,481.0,347.0,393.0,46.0
215,12300065,10736.0,2878.0,726.0,527.0,199.0
216,12300264,11914.0,4056.0,601.0,788.0,187.0
218,12300302,9355.0,1497.0,562.0,502.0,60.0
221,12300483,12709.0,4851.0,832.0,884.0,52.0
225,12300797,9814.0,1956.0,315.0,261.0,54.0
227,12301029,84780.0,76922.0,647.0,540.0,107.0
229,12301034,7860.0,2.0,394.0,355.0,39.0
231,12301128,10501.0,2643.0,559.0,686.0,127.0
233,12301357,10667.0,2809.0,495.0,323.0,172.0
234,12301375,9198.0,1340.0,856.0,786.0,70.0
235,12301594,8106.0,248.0,361.0,380.0,19.0
236,12301690,9787.0,1929.0,556.0,739.0,183.0
238,12302270,9368.0,1510.0,126.0,62.0,64.0
239,12302275,8378.0,520.0,58.0,120.0,62.0
240,12302276,8140.0,282.0,109.0,2.0,107.0
241,12302283,8265.0,407.0,9.0,58.0,49.0
242,12302285,10592.0,2734.0,33.0,86.0,53.0
243,12302287,8832.0,974.0,3.0,126.0,123.0
244,12302288,9217.0,1359.0,47.0,10.0,37.0
245,12302289,8509.0,651.0,21.0,47.0,26.0
246,12302296,10478.0,2620.0,24.0,80.0,56.0
247,12302300,8148.0,290.0,13.0,42.0,29.0
248,12302304,11820.0,3962.0,64.0,16.0,48.0
249,12302316,8678.0,820.0,19.0,2.0,17.0
250,12302320,8793.0,935.0,63.0,6.0,57.0
251,12302321,10059.0,2201.0,173.0,20.0,153.0
252,12302322,9659.0,1801.0,80.0,12.0,68.0
253,12302324,10212.0,2354.0,24.0,51.0,27.0
254,12302328,9969.0,2111.0,120.0,10.0,110.0
255,12302331,9008.0,1150.0,13.0,16.0,3.0
258,12303110,7958.0,100.0,788.0,780.0,8.0
260,12303314,10193.0,2335.0,297.0,266.0,31.0
261,12303664,8627.0,769.0,376.0,310.0,66.0
263,12304027,9450.0,1592.0,686.0,488.0,198.0
265,12304389,10297.0,2439.0,208.0,253.0,45.0
269,12305645,9997.0,2139.0,230.0,292.0,62.0
275,12305678,8741.0,883.0,376.0,302.0,74.0
276,12305681,12052.0,4194.0,788.0,657.0,131.0
281,12305749,10871.0,3013.0,324.0,471.0,147.0
282,12305789,7979.0,121.0,94.0,105.0,11.0
283,12305966,10757.0,2899.0,349.0,376.0,27.0
285,12306132,9672.0,1814.0,832.0,1027.0,195.0
286,12306163,9645.0,1787.0,257.0,194.0,63.0
291,12306420,7915.0,57.0,509.0,334.0,175.0
292,12306440,8736.0,878.0,552.0,478.0,74.0
293,12306443,8582.0,724.0,359.0,546.0,187.0
298,12306778,9152.0,1294.0,222.0,164.0,58.0
299,12306781,9391.0,1533.0,218.0,155.0,63.0
300,12306789,9021.0,1163.0,200.0,149.0,51.0
301,12306791,7921.0,63.0,211.0,152.0,59.0
302,12306794,11640.0,3782.0,172.0,295.0,123.0
303,12306797,9771.0,1913.0,148.0,209.0,61.0
304,12307211,8760.0,902.0,361.0,329.0,32.0
307,12307806,9776.0,1918.0,351.0,390.0,39.0
308,12308146,9260.0,1402.0,324.0,431.0,107.0
310,12308742,8943.0,1085.0,659.0,709.0,50.0
311,12308904,7863.0,5.0,359.0,447.0,88.0
316,12309115,9012.0,1154.0,388.0,396.0,8.0
317,12309240,8915.0,1057.0,78.0,130.0,52.0
318,12309264,8203.0,345.0,71.0,118.0,47.0
319,12309268,8117.0,259.0,142.0,95.0,47.0
321,12309276,9225.0,1367.0,68.0,106.0,38.0
326,12309549,8937.0,1079.0,422.0,464.0,42.0
327,12309555,7983.0,125.0,216.0,249.0,33.0
329,12309588,11502.0,3644.0,599.0,626.0,27.0
332,12309593,13861.0,6003.0,428.0,627.0,199.0
333,12309612,8455.0,597.0,337.0,463.0,126.0
334,12309621,9759.0,1901.0,101.0,178.0,77.0
335,12309622,8221.0,363.0,215.0,105.0,110.0
337,12309630,8908.0,1050.0,103.0,119.0,16.0
338,12309633,9565.0,1707.0,142.0,104.0,38.0
339,12309636,10389.0,2531.0,74.0,127.0,53.0
340,12309640,8322.0,464.0,156.0,129.0,27.0
341,12309643,9322.0,1464.0,162.0,133.0,29.0
342,12309645,11551.0,3693.0,100.0,134.0,34.0
343,12309884,9638.0,1780.0,768.0,652.0,116.0
347,12309897,8315.0,457.0,792.0,633.0,159.0
349,12310136,9705.0,1847.0,193.0,167.0,26.0
351,12310556,11081.0,3223.0,325.0,311.0,14.0
353,12311159,10267.0,2409.0,104.0,125.0,21.0
356,12311307,14133.0,6275.0,79.0,103.0,24.0
357,12311392,8512.0,654.0,42.0,38.0,4.0
358,12311393,9079.0,1221.0,49.0,64.0,15.0
359,12311395,8072.0,214.0,55.0,66.0,11.0
360,12311396,9339.0,1481.0,72.0,70.0,2.0
361,12311397,8773.0,915.0,40.0,126.0,86.0
362,12311402,9540.0,1682.0,37.0,44.0,7.0
363,12311404,10780.0,2922.0,81.0,80.0,1.0
365,12311407,12271.0,4413.0,58.0,48.0,10.0
366,12311412,10373.0,2515.0,385.0,206.0,179.0
367,12311414,8683.0,825.0,290.0,179.0,111.0
368,12311417,7862.0,4.0,210.0,338.0,128.0
369,12311429,8646.0,788.0,731.0,608.0,123.0
371,12311532,12412.0,4554.0,240.0,129.0,111.0
372,12311565,9824.0,1966.0,545.0,709.0,164.0
373,12311604,10248.0,2390.0,134.0,142.0,8.0
375,12311799,9579.0,1721.0,535.0,455.0,80.0
376,12311803,8668.0,810.0,305.0,231.0,74.0
377,12311806,12616.0,4758.0,317.0,199.0,118.0
379,12311813,8802.0,944.0,379.0,266.0,113.0
380,12311860,10607.0,2749.0,941.0,742.0,199.0
382,12311865,8339.0,481.0,1250.0,1239.0,11.0
384,12311878,9706.0,1848.0,1014.0,1101.0,87.0
385,12311898,8192.0,334.0,83.0,106.0,23.0
386,12311904,11438.0,3580.0,54.0,126.0,72.0
387,12311905,13116.0,5258.0,53.0,51.0,2.0
388,12311907,8313.0,455.0,80.0,46.0,34.0
389,12311912,8859.0,1001.0,71.0,49.0,22.0
390,12311913,8771.0,913.0,64.0,47.0,17.0
391,12311915,8946.0,1088.0,76.0,86.0,10.0
392,12311945,8420.0,562.0,77.0,95.0,18.0
393,12311946,12331.0,4473.0,68.0,88.0,20.0
400,12312032,9006.0,1148.0,976.0,1167.0,191.0
401,12312043,11241.0,3383.0,71.0,139.0,68.0
402,12312078,11473.0,3615.0,333.0,234.0,99.0
403,12312079,10108.0,2250.0,422.0,615.0,193.0
404,12312080,18104.0,10246.0,634.0,501.0,133.0
405,12312082,15157.0,7299.0,163.0,288.0,125.0
408,12312278,10434.0,2576.0,854.0,965.0,111.0
409,12312407,9650.0,1792.0,138.0,109.0,29.0
411,12312635,9756.0,1898.0,127.0,136.0,9.0
412,12312763,13666.0,5808.0,473.0,504.0,31.0
413,12312791,8071.0,213.0,495.0,569.0,74.0
416,12312899,8971.0,1113.0,72.0,162.0,90.0
417,12312981,8758.0,900.0,466.0,568.0,102.0
419,12313058,8003.0,145.0,409.0,553.0,144.0
421,12313061,10037.0,2179.0,704.0,677.0,27.0
422,12313094,8700.0,842.0,521.0,670.0,149.0
423,12313096,8746.0,888.0,503.0,559.0,56.0
424,12313261,13158.0,5300.0,139.0,144.0,5.0
428,12313494,8063.0,205.0,719.0,916.0,197.0
433,12313504,8865.0,1007.0,1160.0,1241.0,81.0
435,12313508,10341.0,2483.0,794.0,863.0,69.0
436,12313509,10896.0,3038.0,1190.0,1300.0,110.0
437,12313511,9843.0,1985.0,180.0,221.0,41.0
439,12313528,10313.0,2455.0,376.0,492.0,116.0
440,12313531,7994.0,136.0,343.0,170.0,173.0
446,12313583,9722.0,1864.0,307.0,187.0,120.0
447,12313586,7986.0,128.0,239.0,423.0,184.0
452,12313692,10069.0,2211.0,226.0,177.0,49.0
454,12313733,8022.0,164.0,862.0,1062.0,200.0
462,12313840,8636.0,778.0,805.0,793.0,12.0
478,12315393,8008.0,150.0,447.0,545.0,98.0
480,12315410,10191.0,2333.0,656.0,726.0,70.0
484,12316260,12008.0,4150.0,288.0,272.0,16.0
485,12316302,11474.0,3616.0,43.0,137.0,94.0
486,12316303,11535.0,3677.0,58.0,72.0,14.0
487,12316304,17372.0,9514.0,142.0,70.0,72.0
488,12316305,14669.0,6811.0,83.0,39.0,44.0
489,12316306,8464.0,606.0,109.0,50.0,59.0
490,12316309,9372.0,1514.0,108.0,305.0,197.0
491,12316310,11906.0,4048.0,136.0,112.0,24.0
492,12316337,8923.0,1065.0,65.0,150.0,85.0
493,12316339,77716.0,69858.0,104.0,161.0,57.0
494,12316343,12488.0,4630.0,69.0,109.0,40.0
495,12316417,8872.0,1014.0,503.0,315.0,188.0
498,12317285,59429.0,51571.0,61.0,117.0,56.0
499,12317288,8522.0,664.0,60.0,89.0,29.0
500,12317294,26308.0,18450.0,175.0,98.0,77.0
501,12317295,17209.0,9351.0,80.0,49.0,31.0
502,12317297,26294.0,18436.0,89.0,62.0,27.0
503,12317305,9467.0,1609.0,183.0,182.0,1.0
504,12317312,8265.0,407.0,127.0,198.0,71.0
505,12317313,9376.0,1518.0,183.0,145.0,38.0
506,12317321,9663.0,1805.0,220.0,230.0,10.0
508,12317326,9529.0,1671.0,220.0,95.0,125.0
509,12317328,7877.0,19.0,230.0,191.0,39.0
510,12317343,9436.0,1578.0,235.0,129.0,106.0
511,12317345,8294.0,436.0,200.0,162.0,38.0
512,12317346,9144.0,1286.0,200.0,227.0,27.0
513,12317351,8633.0,775.0,195.0,191.0,4.0
514,12317355,8620.0,762.0,222.0,162.0,60.0
515,12317366,8798.0,940.0,68.0,32.0,36.0
516,12317368,8683.0,825.0,69.0,50.0,19.0
517,12317373,9415.0,1557.0,136.0,206.0,70.0
518,12317376,9294.0,1436.0,133.0,68.0,65.0
519,12317389,10354.0,2496.0,107.0,152.0,45.0
520,12317392,8727.0,869.0,165.0,107.0,58.0
521,12317396,11491.0,3633.0,47.0,150.0,103.0
522,12317401,8910.0,1052.0,82.0,109.0,27.0
524,12317405,13056.0,5198.0,53.0,97.0,44.0
525,12317411,10417.0,2559.0,66.0,53.0,13.0
526,12317414,20909.0,13051.0,97.0,157.0,60.0
527,12317544,8563.0,705.0,594.0,440.0,154.0
528,12317575,8148.0,290.0,372.0,450.0,78.0
537,12318391,8706.0,848.0,789.0,856.0,67.0
539,12318398,13338.0,5480.0,531.0,362.0,169.0
542,12318485,10933.0,3075.0,504.0,343.0,161.0
543,12318487,8535.0,677.0,260.0,234.0,26.0
549,12318672,9507.0,1649.0,832.0,798.0,34.0
553,12318701,9556.0,1698.0,232.0,171.0,61.0
555,12318825,18682.0,10824.0,605.0,476.0,129.0
556,12318835,16407.0,8549.0,72.0,68.0,4.0
557,12318845,14048.0,6190.0,524.0,408.0,116.0
558,12318846,8178.0,320.0,279.0,136.0,143.0
563,12318983,10381.0,2523.0,434.0,357.0,77.0
570,12319450,62026.0,54168.0,442.0,534.0,92.0
577,12320203,9891.0,2033.0,888.0,827.0,61.0
579,12320297,12172.0,4314.0,223.0,97.0,126.0
580,12320310,8324.0,466.0,182.0,276.0,94.0
582,12320545,11015.0,3157.0,608.0,519.0,89.0
585,12320614,8893.0,1035.0,200.0,201.0,1.0
586,12320616,13496.0,5638.0,601.0,657.0,56.0
587,12320617,8028.0,170.0,452.0,457.0,5.0
588,12320618,8562.0,704.0,691.0,742.0,51.0
589,12320663,9524.0,1666.0,681.0,528.0,153.0
591,12320796,8442.0,584.0,130.0,37.0,93.0
594,12320843,8380.0,522.0,401.0,279.0,122.0
597,12320969,12182.0,4324.0,288.0,134.0,154.0
598,12321031,8182.0,324.0,105.0,125.0,20.0
601,12321084,9142.0,1284.0,741.0,602.0,139.0
603,12321142,9109.0,1251.0,674.0,844.0,170.0
604,12321157,10224.0,2366.0,260.0,110.0,150.0
605,12321536,10638.0,2780.0,251.0,268.0,17.0
606,12322067,8007.0,149.0,325.0,182.0,143.0
607,12322257,8305.0,447.0,646.0,450.0,196.0
608,12322291,10220.0,2362.0,286.0,97.0,189.0
609,12322380,7951.0,93.0,1361.0,1168.0,193.0
610,12322637,11336.0,3478.0,308.0,278.0,30.0
611,12322659,8026.0,168.0,774.0,740.0,34.0
612,12322663,10114.0,2256.0,1197.0,1007.0,190.0
615,12322743,8690.0,832.0,613.0,462.0,151.0
616,12322791,8203.0,345.0,719.0,650.0,69.0
618,12324933,8559.0,701.0,488.0,585.0,97.0
622,12325776,10517.0,2659.0,553.0,740.0,187.0
626,12325967,8515.0,657.0,604.0,536.0,68.0
627,12325979,8569.0,711.0,228.0,351.0,123.0
628,12325980,7995.0,137.0,342.0,198.0,144.0
630,12326085,8220.0,362.0,117.0,242.0,125.0
631,12326163,8162.0,304.0,473.0,296.0,177.0
633,12326166,8791.0,933.0,401.0,300.0,101.0
635,12326365,7911.0,53.0,405.0,330.0,75.0
636,12326369,8086.0,228.0,360.0,345.0,15.0
637,12326423,9159.0,1301.0,408.0,307.0,101.0
641,12326444,9837.0,1979.0,463.0,285.0,178.0
644,12326649,8304.0,446.0,259.0,171.0,88.0
645,12326651,8445.0,587.0,167.0,193.0,26.0
646,12326654,8456.0,598.0,69.0,206.0,137.0
647,12326994,11421.0,3563.0,323.0,205.0,118.0
648,12326996,11257.0,3399.0,203.0,212.0,9.0
649,12326998,8288.0,430.0,186.0,222.0,36.0
650,12327002,9338.0,1480.0,162.0,230.0,68.0
651,12327404,11783.0,3925.0,373.0,473.0,100.0
654,12327651,12521.0,4663.0,831.0,659.0,172.0
655,12327652,9542.0,1684.0,744.0,658.0,86.0
656,12327669,11705.0,3847.0,467.0,523.0,56.0
660,12327699,11057.0,3199.0,405.0,528.0,123.0
661,12327846,9803.0,1945.0,211.0,298.0,87.0
666,12327924,7883.0,25.0,787.0,824.0,37.0
670,12327947,9295.0,1437.0,343.0,422.0,79.0
673,12328018,17849.0,9991.0,562.0,608.0,46.0
674,12328200,11133.0,3275.0,474.0,304.0,170.0
676,12328205,9989.0,2131.0,652.0,590.0,62.0
677,12328234,75081.0,67223.0,62.0,76.0,14.0
678,12328235,10241.0,2383.0,96.0,217.0,121.0
681,12328463,11448.0,3590.0,313.0,365.0,52.0
682,12328465,8486.0,628.0,317.0,479.0,162.0
683,12328540,8908.0,1050.0,98.0,78.0,20.0
684,12328574,9269.0,1411.0,148.0,257.0,109.0
685,12328595,8651.0,793.0,353.0,395.0,42.0
686,12328651,8944.0,1086.0,215.0,163.0,52.0
687,12328674,10332.0,2474.0,71.0,105.0,34.0
688,12328680,9743.0,1885.0,130.0,269.0,139.0
689,12328683,8339.0,481.0,270.0,137.0,133.0
690,12329305,9971.0,2113.0,446.0,418.0,28.0
693,12329319,10111.0,2253.0,320.0,413.0,93.0
695,12329473,8154.0,296.0,405.0,525.0,120.0
697,12329841,8776.0,918.0,578.0,731.0,153.0
700,12330155,63534.0,55676.0,70.0,107.0,37.0
701,12330156,97204.0,89346.0,85.0,99.0,14.0
704,12330489,8811.0,953.0,79.0,240.0,161.0
707,12330607,9896.0,2038.0,155.0,176.0,21.0
708,12330709,11212.0,3354.0,858.0,788.0,70.0
710,12330737,9273.0,1415.0,305.0,145.0,160.0
711,12330739,8293.0,435.0,153.0,215.0,62.0
712,12330749,9995.0,2137.0,162.0,205.0,43.0
714,12330858,9754.0,1896.0,242.0,172.0,70.0
725,12331383,12497.0,4639.0,519.0,455.0,64.0
726,12331384,9215.0,1357.0,545.0,593.0,48.0
734,12331542,8421.0,563.0,400.0,449.0,49.0
737,12331699,9575.0,1717.0,156.0,158.0,2.0
739,12331732,7868.0,10.0,260.0,201.0,59.0
740,12331786,23513.0,15655.0,491.0,414.0,77.0
754,12332703,9624.0,1766.0,181.0,93.0,88.0
756,12332710,10093.0,2235.0,222.0,112.0,110.0
762,12332756,8693.0,835.0,562.0,749.0,187.0
771,12332793,9107.0,1249.0,608.0,807.0,199.0
776,12332967,8613.0,755.0,448.0,525.0,77.0
778,12332974,9343.0,1485.0,433.0,366.0,67.0
779,12332999,10609.0,2751.0,228.0,348.0,120.0
787,12333043,8919.0,1061.0,1499.0,1349.0,150.0
789,12333052,9724.0,1866.0,401.0,581.0,180.0
791,12333055,10718.0,2860.0,478.0,288.0,190.0
797,12333391,8077.0,219.0,605.0,460.0,145.0
800,12334105,9472.0,1614.0,409.0,275.0,134.0
802,12334138,9152.0,1294.0,343.0,511.0,168.0
811,12334349,8468.0,610.0,535.0,375.0,160.0
819,12334506,12411.0,4553.0,1207.0,1367.0,160.0
824,12334573,8715.0,857.0,1491.0,1466.0,25.0
825,12334736,9736.0,1878.0,230.0,166.0,64.0
829,12334897,8471.0,613.0,421.0,611.0,190.0
840,12335269,8323.0,465.0,328.0,498.0,170.0
846,12336041,10411.0,2553.0,223.0,389.0,166.0
847,12336249,8990.0,1132.0,1135.0,1312.0,177.0
852,12336565,77325.0,69467.0,499.0,381.0,118.0
855,12336765,17293.0,9435.0,332.0,446.0,114.0
859,12337024,8690.0,832.0,374.0,454.0,80.0
860,12337139,17813.0,9955.0,378.0,275.0,103.0
861,12337168,7961.0,103.0,196.0,79.0,117.0
864,12337274,9985.0,2127.0,979.0,855.0,124.0
868,12337298,8602.0,744.0,527.0,607.0,80.0
871,12337379,15723.0,7865.0,1030.0,906.0,124.0
872,12337389,9235.0,1377.0,1.0,85.0,84.0
873,12337393,8970.0,1112.0,65.0,44.0,21.0
876,12337455,11466.0,3608.0,57.0,19.0,38.0
877,12337456,8936.0,1078.0,29.0,117.0,88.0
878,12337465,7928.0,70.0,73.0,26.0,47.0
879,12337529,9425.0,1567.0,242.0,293.0,51.0
881,12337537,11910.0,4052.0,293.0,313.0,20.0
885,12337573,10670.0,2812.0,245.0,343.0,98.0
887,12337581,9311.0,1453.0,368.0,499.0,131.0
888,12337594,8274.0,416.0,555.0,636.0,81.0
893,12337618,11725.0,3867.0,81.0,84.0,3.0
894,12337622,9935.0,2077.0,81.0,48.0,33.0
895,12337628,10667.0,2809.0,46.0,59.0,13.0
896,12337663,9893.0,2035.0,368.0,397.0,29.0
898,12337688,10571.0,2713.0,681.0,839.0,158.0
899,12337749,8094.0,236.0,114.0,181.0,67.0
901,12337857,8860.0,1002.0,380.0,474.0,94.0
906,12338838,10637.0,2779.0,389.0,192.0,197.0
907,12338884,8069.0,211.0,359.0,442.0,83.0
909,12338916,10644.0,2786.0,616.0,425.0,191.0
910,12338956,9161.0,1303.0,705.0,679.0,26.0
913,12339375,8844.0,986.0,640.0,760.0,120.0
915,12339469,8526.0,668.0,898.0,1085.0,187.0
916,12339489,9164.0,1306.0,1202.0,1115.0,87.0
917,12339493,12918.0,5060.0,16.0,19.0,3.0
918,12339494,9284.0,1426.0,6.0,56.0,50.0
919,12339498,21800.0,13942.0,50.0,16.0,34.0
920,12339499,11961.0,4103.0,19.0,33.0,14.0
921,12339501,8126.0,268.0,43.0,17.0,26.0
922,12339505,7993.0,135.0,142.0,56.0,86.0
928,12339578,8602.0,744.0,725.0,615.0,110.0
929,12339602,9702.0,1844.0,440.0,543.0,103.0
932,12339760,8650.0,792.0,807.0,916.0,109.0
934,12339897,9777.0,1919.0,394.0,288.0,106.0
938,12339990,8920.0,1062.0,1096.0,1017.0,79.0
941,12340152,17837.0,9979.0,437.0,522.0,85.0
942,12340643,8975.0,1117.0,846.0,742.0,104.0
944,12341196,9499.0,1641.0,813.0,637.0,176.0
947,12341322,8544.0,686.0,353.0,533.0,180.0
951,12341756,8544.0,686.0,741.0,760.0,19.0
953,12341893,9263.0,1405.0,564.0,512.0,52.0
954,12342174,8148.0,290.0,347.0,304.0,43.0
955,12342208,20859.0,13001.0,104.0,300.0,196.0
956,12342209,9391.0,1533.0,86.0,260.0,174.0
957,12342217,10142.0,2284.0,254.0,143.0,111.0
958,12342337,10760.0,2902.0,60.0,73.0,13.0
960,12342393,10390.0,2532.0,88.0,250.0,162.0
961,12342394,7959.0,101.0,140.0,268.0,128.0
962,12342396,69056.0,61198.0,85.0,75.0,10.0
963,12342415,10021.0,2163.0,272.0,251.0,21.0
964,12343021,9253.0,1395.0,98.0,103.0,5.0
967,12343575,10114.0,2256.0,346.0,294.0,52.0
971,12343807,9533.0,1675.0,673.0,562.0,111.0
974,12343850,10133.0,2275.0,637.0,536.0,101.0
975,12343964,9777.0,1919.0,221.0,80.0,141.0
976,12343967,9309.0,1451.0,42.0,72.0,30.0
977,12343969,8998.0,1140.0,54.0,85.0,31.0
978,12344143,8320.0,462.0,100.0,99.0,1.0
979,12344149,9378.0,1520.0,88.0,96.0,8.0
980,12344152,8028.0,170.0,77.0,69.0,8.0
981,12344155,8149.0,291.0,615.0,519.0,96.0
982,12344192,15008.0,7150.0,56.0,22.0,34.0
983,12344195,68044.0,60186.0,61.0,17.0,44.0
984,12344199,10819.0,2961.0,19.0,26.0,7.0
985,12344200,9704.0,1846.0,33.0,41.0,8.0
986,12344214,7862.0,4.0,139.0,101.0,38.0
989,12344308,8747.0,889.0,414.0,408.0,6.0
996,12344759,9228.0,1370.0,329.0,442.0,113.0
997,12344762,18102.0,10244.0,327.0,310.0,17.0
998,12344763,68890.0,61032.0,372.0,305.0,67.0
999,12344769,9495.0,1637.0,429.0,569.0,140.0
1000,12344770,10095.0,2237.0,390.0,590.0,200.0
1001,12344846,9023.0,1165.0,349.0,317.0,32.0
1002,12344849,11113.0,3255.0,351.0,264.0,87.0
1003,12345629,8461.0,603.0,367.0,338.0,29.0
1004,12345858,9850.0,1992.0,456.0,555.0,99.0
1005,12345863,9320.0,1462.0,509.0,624.0,115.0
1006,12345896,11481.0,3623.0,451.0,607.0,156.0
1008,12345982,10203.0,2345.0,470.0,636.0,166.0
1009,12346097,8356.0,498.0,131.0,228.0,97.0
1013,12346106,8117.0,259.0,210.0,191.0,19.0
1014,12346108,13440.0,5582.0,112.0,158.0,46.0
1015,12346110,18218.0,10360.0,232.0,277.0,45.0
1016,12346112,8176.0,318.0,225.0,192.0,33.0
1017,12346119,17302.0,9444.0,204.0,139.0,65.0
1019,12346125,70331.0,62473.0,104.0,105.0,1.0
1020,12346127,14535.0,6677.0,178.0,171.0,7.0
1021,12346135,7998.0,140.0,245.0,138.0,107.0
1022,12346138,17398.0,9540.0,118.0,174.0,56.0
1024,12346142,8068.0,210.0,156.0,214.0,58.0
1025,12346143,8441.0,583.0,196.0,147.0,49.0
1026,12346153,14825.0,6967.0,210.0,265.0,55.0
1027,12346157,9006.0,1148.0,236.0,167.0,69.0
1028,12346163,12809.0,4951.0,151.0,136.0,15.0
1033,12346198,12647.0,4789.0,216.0,189.0,27.0
1035,12346207,9134.0,1276.0,188.0,166.0,22.0
1036,12346209,8635.0,777.0,163.0,195.0,32.0
1037,12346210,10243.0,2385.0,90.0,141.0,51.0
1038,12346221,10601.0,2743.0,114.0,228.0,114.0
1039,12346222,10239.0,2381.0,115.0,188.0,73.0
1040,12346223,11466.0,3608.0,201.0,144.0,57.0
1042,12346236,8739.0,881.0,196.0,206.0,10.0
1043,12346237,10593.0,2735.0,215.0,205.0,10.0
1044,12346238,10119.0,2261.0,176.0,160.0,16.0
1045,12346239,11210.0,3352.0,234.0,227.0,7.0
1046,12346240,8734.0,876.0,229.0,200.0,29.0
1047,12346242,10199.0,2341.0,226.0,138.0,88.0
1048,12346244,9491.0,1633.0,214.0,333.0,119.0
1049,12346245,9822.0,1964.0,185.0,224.0,39.0
1050,12346250,9751.0,1893.0,111.0,170.0,59.0
1051,12346253,9918.0,2060.0,177.0,142.0,35.0
1052,12346254,8473.0,615.0,107.0,219.0,112.0
1053,12346258,14823.0,6965.0,204.0,175.0,29.0
1054,12346272,11116.0,3258.0,113.0,166.0,53.0
1055,12346273,10802.0,2944.0,227.0,215.0,12.0
1056,12346274,9726.0,1868.0,220.0,374.0,154.0
1057,12346276,8430.0,572.0,195.0,177.0,18.0
1059,12346315,14888.0,7030.0,32.0,7.0,25.0
1060,12346342,15285.0,7427.0,4.0,25.0,21.0
1061,12346343,12232.0,4374.0,34.0,5.0,29.0
1062,12346345,27181.0,19323.0,11.0,41.0,30.0
1063,12346346,9186.0,1328.0,6.0,35.0,29.0
1064,12346351,9593.0,1735.0,28.0,3.0,25.0
1065,12346353,10021.0,2163.0,79.0,45.0,34.0
1066,12346355,8748.0,890.0,56.0,2.0,54.0
1067,12346356,9820.0,1962.0,83.0,9.0,74.0
1068,12346359,11337.0,3479.0,176.0,3.0,173.0
1069,12346371,8117.0,259.0,124.0,2.0,122.0
1070,12346373,13235.0,5377.0,56.0,98.0,42.0
1071,12346456,30466.0,22608.0,41.0,37.0,4.0
1072,12346457,10677.0,2819.0,1.0,134.0,133.0
1073,12346461,11329.0,3471.0,125.0,40.0,85.0
1074,12346462,11575.0,3717.0,136.0,6.0,130.0
1075,12346468,26966.0,19108.0,8.0,70.0,62.0
1078,12346573,15927.0,8069.0,469.0,370.0,99.0
1090,12347778,9543.0,1685.0,888.0,746.0,142.0
1091,12347780,9107.0,1249.0,414.0,282.0,132.0
1092,12347782,17149.0,9291.0,1095.0,1115.0,20.0
1093,12347789,10509.0,2651.0,402.0,486.0,84.0
1096,12349027,9262.0,1404.0,67.0,254.0,187.0
1097,12349062,8485.0,627.0,1024.0,940.0,84.0
1102,12349903,11018.0,3160.0,591.0,712.0,121.0
1107,12350311,7931.0,73.0,161.0,127.0,34.0
1108,12350360,9158.0,1300.0,384.0,317.0,67.0
1109,12350362,80893.0,73035.0,745.0,790.0,45.0
1110,12350364,77607.0,69749.0,515.0,706.0,191.0
1111,12350385,75048.0,67190.0,420.0,547.0,127.0
1113,12350418,9661.0,1803.0,614.0,748.0,134.0
1115,12350425,7976.0,118.0,636.0,456.0,180.0
1116,12350426,9062.0,1204.0,664.0,654.0,10.0
1131,12350909,8877.0,1019.0,466.0,564.0,98.0
1133,12351018,8088.0,230.0,1183.0,1367.0,184.0
1135,12351037,8057.0,199.0,965.0,781.0,184.0
1139,12351107,9712.0,1854.0,957.0,867.0,90.0
1141,12351411,8497.0,639.0,289.0,139.0,150.0
1145,12351527,7924.0,66.0,1270.0,1133.0,137.0
1148,12352263,9015.0,1157.0,359.0,223.0,136.0
1159,12352565,8571.0,713.0,514.0,620.0,106.0
1161,12352600,8349.0,491.0,1017.0,1096.0,79.0
1163,12352658,10497.0,2639.0,1310.0,1280.0,30.0
1173,12353759,8015.0,157.0,102.0,198.0,96.0
1175,12353892,11128.0,3270.0,187.0,141.0,46.0
1177,12354030,9799.0,1941.0,434.0,557.0,123.0
1178,12354034,12482.0,4624.0,421.0,618.0,197.0
1186,12354688,8630.0,772.0,965.0,847.0,118.0
1187,12354694,8214.0,356.0,170.0,149.0,21.0
1188,12354710,8289.0,431.0,227.0,226.0,1.0
1189,12354969,9223.0,1365.0,184.0,214.0,30.0
1193,12356171,8684.0,826.0,362.0,518.0,156.0
1194,12357063,8231.0,373.0,389.0,291.0,98.0
1197,12357578,9115.0,1257.0,1018.0,1138.0,120.0
1199,12357661,9443.0,1585.0,93.0,160.0,67.0
1200,12357729,70323.0,62465.0,367.0,406.0,39.0
1201,12357730,8198.0,340.0,678.0,668.0,10.0
1202,12357800,9033.0,1175.0,202.0,332.0,130.0
1205,12357891,10141.0,2283.0,620.0,751.0,131.0
1211,12357982,10021.0,2163.0,190.0,173.0,17.0
1212,12357985,11801.0,3943.0,536.0,474.0,62.0
1217,12358196,10072.0,2214.0,552.0,604.0,52.0
1218,12358199,8665.0,807.0,1331.0,1202.0,129.0
1220,12358202,11456.0,3598.0,411.0,378.0,33.0
1222,12358254,15598.0,7740.0,805.0,793.0,12.0
1225,12358387,8150.0,292.0,778.0,652.0,126.0
1227,12358436,8631.0,773.0,182.0,143.0,39.0
1228,12358439,20193.0,12335.0,637.0,688.0,51.0
1229,12358441,13147.0,5289.0,557.0,553.0,4.0
1232,12358544,78252.0,70394.0,515.0,380.0,135.0
1235,12358588,8693.0,835.0,145.0,146.0,1.0
1236,12358617,11461.0,3603.0,853.0,888.0,35.0
1241,12358755,9848.0,1990.0,558.0,424.0,134.0
1242,12358758,8949.0,1091.0,454.0,295.0,159.0
1243,12358761,9050.0,1192.0,473.0,327.0,146.0
1247,12358803,9646.0,1788.0,206.0,135.0,71.0
1250,12358862,8898.0,1040.0,166.0,145.0,21.0
1251,12358865,9785.0,1927.0,89.0,132.0,43.0
1252,12359625,8713.0,855.0,612.0,654.0,42.0
1253,12359656,8494.0,636.0,266.0,223.0,43.0
1256,12360420,11987.0,4129.0,396.0,282.0,114.0
1257,12360701,10784.0,2926.0,569.0,768.0,199.0
1260,12360840,8136.0,278.0,202.0,298.0,96.0
1264,12361346,9764.0,1906.0,699.0,769.0,70.0
1265,12361500,7948.0,90.0,134.0,244.0,110.0
1266,12361503,9369.0,1511.0,169.0,157.0,12.0
1267,12361505,71287.0,63429.0,222.0,202.0,20.0
1269,12361585,58385.0,50527.0,281.0,378.0,97.0
1270,12361611,8945.0,1087.0,51.0,14.0,37.0
1271,12361615,12355.0,4497.0,78.0,55.0,23.0
1272,12361618,10028.0,2170.0,62.0,99.0,37.0
1273,12361622,10897.0,3039.0,66.0,79.0,13.0
1274,12361625,9028.0,1170.0,55.0,30.0,25.0
1275,12361636,8656.0,798.0,27.0,82.0,55.0
1276,12361651,8291.0,433.0,28.0,139.0,111.0
1277,12361670,9041.0,1183.0,663.0,480.0,183.0
1278,12361671,9533.0,1675.0,380.0,435.0,55.0
1279,12361743,7876.0,18.0,604.0,406.0,198.0
1281,12361884,12095.0,4237.0,124.0,71.0,53.0
1282,12361885,8355.0,497.0,97.0,75.0,22.0
1283,12361887,12960.0,5102.0,120.0,45.0,75.0
1284,12361889,9907.0,2049.0,16.0,79.0,63.0
1285,12361891,12511.0,4653.0,37.0,99.0,62.0
1286,12361893,10111.0,2253.0,140.0,68.0,72.0
1287,12361899,17978.0,10120.0,52.0,83.0,31.0
1288,12361900,9984.0,2126.0,42.0,93.0,51.0
1289,12361901,10164.0,2306.0,17.0,50.0,33.0
1290,12361904,14257.0,6399.0,49.0,109.0,60.0
1291,12361905,11439.0,3581.0,6.0,81.0,75.0
1292,12361906,9086.0,1228.0,1.0,142.0,141.0
1293,12361908,9259.0,1401.0,47.0,34.0,13.0
1295,12361910,11688.0,3830.0,64.0,81.0,17.0
1296,12361911,11381.0,3523.0,63.0,91.0,28.0
1297,12361913,9324.0,1466.0,62.0,13.0,49.0
1298,12361915,8960.0,1102.0,74.0,25.0,49.0
1299,12361916,8113.0,255.0,78.0,40.0,38.0
1300,12361917,9252.0,1394.0,37.0,58.0,21.0
1301,12361918,12684.0,4826.0,115.0,66.0,49.0
1302,12361921,9335.0,1477.0,69.0,96.0,27.0
1303,12361923,15893.0,8035.0,51.0,100.0,49.0
1304,12361925,8894.0,1036.0,12.0,71.0,59.0
1305,12361962,10299.0,2441.0,805.0,866.0,61.0
1307,12362016,7903.0,45.0,888.0,847.0,41.0
1308,12362302,9741.0,1883.0,632.0,615.0,17.0
1309,12362462,7873.0,15.0,406.0,282.0,124.0
1310,12362595,8577.0,719.0,473.0,274.0,199.0
1311,12362637,10279.0,2421.0,568.0,624.0,56.0
1312,12363672,9525.0,1667.0,574.0,654.0,80.0
1313,12364320,12381.0,4523.0,515.0,370.0,145.0
1315,12364755,10290.0,2432.0,513.0,671.0,158.0
1317,12364818,9771.0,1913.0,721.0,837.0,116.0
1318,12364819,12289.0,4431.0,334.0,282.0,52.0
1321,12365519,8399.0,541.0,557.0,538.0,19.0
1322,12365972,7976.0,118.0,284.0,274.0,10.0
1323,12366019,16917.0,9059.0,119.0,20.0,99.0
1324,12366020,13150.0,5292.0,87.0,126.0,39.0
1325,12366023,8864.0,1006.0,184.0,62.0,122.0
1326,12366024,7965.0,107.0,145.0,23.0,122.0
1327,12366032,12283.0,4425.0,34.0,147.0,113.0
1329,12366039,8549.0,691.0,456.0,513.0,57.0
1330,12366185,11186.0,3328.0,25.0,102.0,77.0
1331,12366189,15796.0,7938.0,8.0,163.0,155.0
1332,12366194,19883.0,12025.0,35.0,177.0,142.0
1333,12366197,15753.0,7895.0,350.0,166.0,184.0
1334,12366202,18481.0,10623.0,112.0,17.0,95.0
1335,12366206,10744.0,2886.0,53.0,135.0,82.0
1336,12366212,9656.0,1798.0,116.0,32.0,84.0
1337,12366214,8846.0,988.0,148.0,22.0,126.0
1342,12367581,10605.0,2747.0,298.0,370.0,72.0
1347,12368539,9951.0,2093.0,383.0,337.0,46.0
1353,12369612,7988.0,130.0,323.0,181.0,142.0
1354,12369615,9658.0,1800.0,285.0,441.0,156.0
1355,12369617,9270.0,1412.0,273.0,266.0,7.0
1356,12369618,8546.0,688.0,263.0,251.0,12.0
1358,12369994,9765.0,1907.0,778.0,787.0,9.0
1359,12370675,10077.0,2219.0,1367.0,1199.0,168.0
1366,12371020,10346.0,2488.0,756.0,595.0,161.0
1367,12371080,8499.0,641.0,510.0,566.0,56.0
1369,12371233,8970.0,1112.0,926.0,804.0,122.0
1370,12371234,18344.0,10486.0,286.0,406.0,120.0
1371,12371236,11994.0,4136.0,243.0,156.0,87.0
1372,12371237,28336.0,20478.0,107.0,99.0,8.0
1375,12371924,12253.0,4395.0,733.0,558.0,175.0
1378,12372746,83120.0,75262.0,372.0,244.0,128.0
1379,12372963,13647.0,5789.0,1064.0,892.0,172.0
1381,12372981,13002.0,5144.0,675.0,631.0,44.0
1382,12372983,16279.0,8421.0,685.0,749.0,64.0
1387,12373015,11246.0,3388.0,450.0,278.0,172.0
1388,12373017,8316.0,458.0,227.0,297.0,70.0
1389,12373018,8601.0,743.0,235.0,257.0,22.0
1391,12373036,8040.0,182.0,389.0,268.0,121.0
1392,12373092,8758.0,900.0,193.0,250.0,57.0
1397,12373148,95514.0,87656.0,559.0,646.0,87.0
1398,12373187,8281.0,423.0,277.0,194.0,83.0
1406,12373584,7979.0,121.0,1228.0,1358.0,130.0
1418,12374071,20903.0,13045.0,1394.0,1209.0,185.0
1422,12374105,8920.0,1062.0,196.0,249.0,53.0
1435,12374463,9981.0,2123.0,902.0,830.0,72.0
1437,12374481,9792.0,1934.0,1146.0,977.0,169.0
1438,12374532,14367.0,6509.0,359.0,510.0,151.0
1439,12374533,9392.0,1534.0,361.0,466.0,105.0
1442,12375315,9869.0,2011.0,778.0,624.0,154.0
1443,12375466,9568.0,1710.0,317.0,411.0,94.0
1450,12375570,20715.0,12857.0,525.0,488.0,37.0
1458,12375668,10745.0,2887.0,325.0,254.0,71.0
1460,12375671,9426.0,1568.0,320.0,218.0,102.0
1469,12376503,7973.0,115.0,486.0,474.0,12.0
1477,12377216,9420.0,1562.0,959.0,1134.0,175.0
1478,12377419,11481.0,3623.0,456.0,378.0,78.0
1479,12377420,8349.0,491.0,466.0,283.0,183.0
1481,12377451,8493.0,635.0,450.0,427.0,23.0
1486,12378047,8037.0,179.0,537.0,702.0,165.0
1490,12379755,9068.0,1210.0,866.0,752.0,114.0
1493,12380399,8319.0,461.0,456.0,434.0,22.0
1494,12380440,9302.0,1444.0,1190.0,1061.0,129.0
1498,12381283,8281.0,423.0,244.0,192.0,52.0
1502,12381341,8352.0,494.0,308.0,199.0,109.0
1506,12381988,9420.0,1562.0,642.0,644.0,2.0
1509,12382164,8511.0,653.0,196.0,167.0,29.0
1510,12382181,7954.0,96.0,584.0,386.0,198.0
1511,12382189,10381.0,2523.0,179.0,203.0,24.0
1512,12382196,11618.0,3760.0,453.0,323.0,130.0
1513,12382248,8278.0,420.0,427.0,491.0,64.0
1514,12382287,8798.0,940.0,164.0,238.0,74.0
1515,12382305,8725.0,867.0,559.0,446.0,113.0
1518,12383272,8083.0,225.0,434.0,430.0,4.0
1524,12384491,8012.0,154.0,806.0,650.0,156.0
1525,12384512,8091.0,233.0,356.0,448.0,92.0
1526,12384806,10098.0,2240.0,264.0,385.0,121.0
1527,12384975,14067.0,6209.0,344.0,200.0,144.0
1528,12385017,12611.0,4753.0,527.0,647.0,120.0
